1 277
1 2012
1 154
1 2146
1 515
1 1120
1 460
1 1580
1 1594
1 1076
1 1212
1 1350
1 1399
1 207
1 1454
1 128
1 904
1 1369
1 377
1 945
1 759
1 1969
1 928
1 409
1 1252
1 890
1 2153
1 68
1 186
1 990
1 664
1 2022
1 1055
1 630
1 782
1 1711
1 234
1 761
1 1985
1 100
1 171
1 645
1 1880
1 1432
1 712
1 1446
1 1215
1 1495
1 1957
1 1105
1 638
1 697
1 732
1 1661
1 1889
1 233
1 1079
1 1056
1 1725
1 1593
1 2094
1 902
1 2042
1 1420
1 1442
1 1531
1 1934
1 792
1 370
1 989
1 981
1 773
1 2079
1 384
1 824
1 1184
1 1160
1 1005
1 1269
1 863
1 1588
1 1685
1 1232
1 443
1 889
1 572
1 1705
1 1802
1 437
1 1378
1 946
1 2113
1 790
1 342
1 173
1 2211
1 730
1 1814
1 1108
1 1379
1 427
1 888
1 533
1 1500
1 1511
1 2097
1 1546
1 77
1 635
1 1487
1 1205
1 1097
1 1075
1 788
1 422
1 348
1 768
1 1568
1 1569
1 432
1 1444
1 493
1 1687
1 232
1 916
1 240
1 1512
1 1247
1 461
1 1473
1 1476
1 729
1 876
1 1513
1 1815
1 634
1 949
1 1008
1 76
1 282
1 1078
1 1844
1 1250
1 2167
1 1603
1 935
1 1388
1 982
1 637
1 1893
1 1987
1 317
1 1878
1 1373
1 713
1 2106
1 763
1 765
1 1285
1 1218
1 583
1 571
1 1243
1 629
1 92
1 1325
1 262
1 1616
1 855
1 595
1 1390
1 1231
1 1811
1 253
1 355
1 386
1 845
1 514
1 486
1 343
1 886
1 111
1 1023
1 2000
1 433
1 252
1 1975
1 1739
1 1742
1 1229
1 1789
1 1959
1 1637
1 1436
1 258
1 1899
1 728
1 793
1 566
1 482
1 406
1 672
1 842
1 2078
1 117
1 1648
1 821
1 1982
1 147
1 1660
1 1753
1 193
1 1967
1 1062
1 1808
1 2193
1 459
1 1718
1 706
1 91
1 256
1 267
1 1724
1 656
1 183
1 1128
1 1139
1 149
1 938
1 2119
1 1956
1 151
1 987
1 1437
1 2039
1 145
1 1176
1 1582
1 1986
1 2180
1 1282
1 576
1 364
1 1726
1 1326
1 1664
1 1623
1 1219
1 510
